123166 243032 1.0000 120036
243513 245923 1.0000 120518
243539 245924 1.0000 120545
243590 245925 1.4142 120597
243768 245926 1.4142 120776
243773 245927 1.4142 120782
243801 245928 1.4142 120811
243815 245929 1.4142 120826
243830 245930 1.4142 120842
243928 245931 1.4142 120941
245001 245932 1.7321 122015
245135 245933 1.7321 122150
245138 245934 1.7321 122154
245139 245935 1.7321 122156
10357 245936 1.7321 122157
245146 245937 1.7321 122165
245186 245938 1.7321 122206
245189 245939 1.7321 122210
245337 245940 1.7321 122359
245340 245941 1.7321 122363
245373 245942 1.7321 122397
245387 245943 1.7321 122412
245393 245944 1.7321 122419
245396 245945 1.7321 122423
245400 245946 1.7321 122428
245403 245947 1.7321 122432
245417 245948 2.0000 122447
245449 245949 2.0000 122480
84394 245950 2.0000 122481
245463 245951 2.0000 122496
245468 245952 2.0000 122502
245517 245953 2.2361 122552
245663 245954 2.2361 122699
245698 245955 2.2361 122735
121699 245956 2.2361 122736
245712 245957 2.4495 122751
1519 245958 2.4495 122752
245717 245959 2.4495 122758
245727 245960 2.4495 122769
245739 245961 2.4495 122782
245767 245962 2.4495 122811
245774 245963 2.6458 122819
245795 245964 2.6458 122841
245803 245965 2.6458 122850
245826 245966 2.6458 122874
6965 245967 2.8284 122875
245833 245968 2.8284 122883
245840 245969 2.8284 122891
245841 245970 2.8284 122893
245848 245971 3.0000 122901
245855 245972 3.0000 122909
245860 245973 3.0000 122915
245861 245974 3.0000 122917
245880 245975 3.1623 122937
245894 245976 3.3166 122952
245899 245977 3.6056 122958
245906 245978 3.6056 122966
100265 245979 3.6056 122967
4485 245980 3.8730 122968
245907 245981 3.8730 122970
98447 245982 3.8730 122971
245908 245983 4.1231 122973
10878 245984 4.2426 122974
29786 245985 4.4721 122975
95683 245986 4.4721 122976
245910 245987 4.4721 122979
245912 245988 4.6904 122982
119954 245989 4.6904 122983
50180 77376 4.6904 2
245916 245990 4.7958 122988
245922 245992 4.7958 122995
97499 245993 4.8990 122996
110504 245994 4.8990 122997
245991 245995 5.5678 122999